,chr,start,end,peak,label,phastcons_mean,phastcons_max,phylop_mean,phylop_max,clagl_jsd,clagl_jaccard
804,chr12,39916240,39916792,cCREs99200,chr12:39916240-39916792_cCREs99200,0.8169400020688772,1.0,1.058259996473789,2.75600004196167,0.6047056532610643,0.25
30,chr16,83039626,83040160,cCREs197982,chr16:83039626-83040160_cCREs197982,0.9625800025463104,0.9990000128746032,1.013399984538555,2.23799991607666,0.4877299520642116,0.0
944,chr1,63692795,63693333,cCREs11769,chr1:63692795-63693333_cCREs11769,0.31466000020504,0.4289999902248382,0.1681000009179115,0.277999997138977,0.6123416099695334,0.0
462,chr13,34845840,34846341,cCREs121171,chr13:34845840-34846341_cCREs121171,0.9074000000953676,0.9229999780654908,0.2285799986124038,0.277999997138977,0.5816614586360604,0.6666666666666666
69,chr11,28850367,28850870,cCREs71270,chr11:28850367-28850870_cCREs71270,0.166260000814218,0.8870000243186951,0.2786199977342039,0.9340000152587892,0.5165228765262665,0.3333333333333333
76,chr15,44564134,44564666,cCREs169425,chr15:44564134-44564666_cCREs169425,0.9743199992179872,1.0,1.8585599797964096,3.184999942779541,0.5219296206251371,0.0
568,chr13,111999080,111999637,cCREs137086,chr13:111999080-111999637_cCREs137086,0.7555999994277954,0.8930000066757202,0.3505799954384565,1.2330000400543213,0.5899813110709128,0.0
96,chr14,11175629,11176162,cCREs139530,chr14:11175629-11176162_cCREs139530,0.2729599999636412,0.9480000138282776,0.5039600041252561,1.965999960899353,0.5281597331859574,0.3333333333333333
492,chr4,55155301,55155830,cCREs326398,chr4:55155301-55155830_cCREs326398,0.3466999992728233,0.4850000143051147,0.3888199990242719,1.3220000267028809,0.5841494395260629,0.0
387,chr4,107392457,107392969,cCREs336478,chr4:107392457-107392969_cCREs336478,0.3248199988901615,0.7580000162124634,0.4208399960771203,2.003000020980835,0.5749964599715496,0.0
684,chr13,86832289,86832815,cCREs131167,chr13:86832289-86832815_cCREs131167,0.0,0.0,0.0,0.0,0.5971620010943548,0.5
114,chr1,96610427,96610941,cCREs19047,chr1:96610427-96610941_cCREs19047,0.4574400018993765,0.9990000128746032,0.5459199946373701,2.184999942779541,0.5335734699256979,0.5
607,chr5,9943620,9944154,cCREs347213,chr5:9943620-9944154_cCREs347213,0.9718800032138823,1.0,1.5443799805641174,3.108999967575073,0.5929437075542611,0.25
156,chr10,66540905,66541414,cCREs52135,chr10:66540905-66541414_cCREs52135,0.3637800010619685,0.9829999804496764,0.5207800024747848,2.157000064849853,0.5431854479419205,0.0
297,chr8,63585361,63585877,cCREs439601,chr8:63585361-63585877_cCREs439601,0.7754000008106232,0.9480000138282776,0.3288799911737442,0.5899999737739563,0.5658842874916209,0.3333333333333333
295,chr16,51277483,51277990,cCREs192551,chr16:51277483-51277990_cCREs192551,0.211960001331754,0.5680000185966492,0.2674400122091174,1.590000033378601,0.5657868245377589,0.3333333333333333
286,chrX,21575454,21576002,cCREs480995,chrX:21575454-21576002_cCREs480995,0.7406399983144365,0.9940000176429749,0.6619800037518143,2.220000028610229,0.5640743151383038,0.3333333333333333
239,chr6,74482252,74482767,cCREs389550,chr6:74482252-74482767_cCREs389550,0.9712200021743774,1.0,0.8357000057399273,1.4919999837875366,0.5578432392508057,0.3333333333333333
793,chr14,71500064,71500640,cCREs151529,chr14:71500064-71500640_cCREs151529,0.97817999958992,1.0,1.9099600075464696,3.233999967575073,0.6039102909374423,0.5
563,chr1,17171819,17172413,cCREs2420,chr1:17171819-17172413_cCREs2420,0.6935600024461747,1.0,0.835179997459054,2.6559998989105225,0.5897960304450193,0.25
